/**
 * Принимает игровое поле в формате строки — как в файле sudoku-puzzles.txt.
 * Возвращает игровое поле после попытки его решить.
 * Договорись со своей командой, в каком формате возвращать этот результат.
 */
function solve(boardString) {

  const arrNumRow = getNumArr(boardString, arrIndexRow);
  const arrNumCol = getNumArr(boardString, arrIndexCol);
  const arrNumBlock = getNumArr(boardString, arrIndexBlock);  

}

/**
 * Принимает игровое поле в том формате, в котором его вернули из функции solve.
 * Возвращает булевое значение — решено это игровое поле или нет.
 */
function isSolved(board) {

}

/**
 * Принимает игровое поле в том формате, в котором его вернули из функции solve.
 * Возвращает строку с игровым полем для последующего вывода в консоль.
 * Подумай, как симпатичнее сформировать эту строку.
 */
function prettyBoard(board) {

}

// row/column/block arrays of indexes for a puzzle string

const arrIndexRow = [
  [0, 1, 2, 3, 4, 5, 6, 7, 8],
  [9, 10, 11, 12, 13, 14, 15, 16, 17],
  [18, 19, 20, 21, 22, 23, 24, 25, 26],
  [27, 28, 29, 30, 31, 32, 33, 34, 35],
  [36, 37, 38, 39, 40, 41, 42, 43, 44],
  [45, 46, 47, 48, 49, 50, 51, 52, 53],
  [54, 55, 56, 57, 58, 59, 60, 61, 62],
  [63, 64, 65, 66, 67, 68, 69, 70, 71],
  [72, 73, 74, 75, 76, 77, 78, 79, 80],
];

const arrIndexCol = [
  [0, 9, 18, 27, 36, 45, 54, 63, 72],
  [1, 10, 19, 28, 37, 46, 55, 64, 73],
  [2, 11, 20, 29, 38, 47, 56, 65, 74],
  [3, 12, 21, 30, 39, 48, 57, 66, 75],
  [4, 13, 22, 31, 40, 49, 58, 67, 76],
  [5, 14, 23, 32, 41, 50, 59, 68, 77],
  [6, 15, 24, 33, 42, 51, 60, 69, 78],
  [7, 16, 25, 34, 43, 52, 61, 70, 79],
  [8, 17, 26, 35, 44, 53, 62, 71, 80],
];

const arrIndexBlock = [
  [0, 1, 2, 9, 10, 11, 18, 19, 20],
  [3, 4, 5, 12, 13, 14, 21, 22, 23],
  [6, 7, 8, 15, 16, 17, 24, 25, 26],
  [27, 28, 29, 36, 37, 38, 45, 46, 47],
  [30, 31, 32, 39, 40, 41, 48, 49, 50],
  [33, 34, 35, 42, 43, 44, 51, 52, 53],
  [54, 55, 56, 63, 64, 65, 72, 73, 74],
  [57, 58, 59, 66, 67, 68, 75, 76, 77],
  [60, 61, 62, 69, 70, 71, 78, 79, 80],
];

// function for spreading a puzzle string into row/column/block arrays depending on element indexes

function getNumArr(str, arr) {
  const arrInd = arr.reduce((prevArr, curArr) => prevArr.concat(curArr));
  const arrNum = new Array(81).fill(null);
  
  for (let i = 0; i < arrInd.length; i++) {
    arrNum[i] = str[arrInd[i]]
  }

  for (let i = 0; i < 81; i += 9) {
    arrNum.push(arrNum.slice(0, 9));
    arrNum.splice(0,9);
  }

  return arrNum;
}


// Экспортировать функции для использования в другом файле (например, readAndSolve.js).
module.exports = {
  solve,
  isSolved,
  prettyBoard,
};
